Fingerprint_ID	F-Total	TP	FP	FN	TN	Balanced Accuracy	Odds Ratio	Pval	file_name	aeid
Txp-61	9	4	5	436	2482	0.5035402273641115	4.554	0.034	mc5_2.tsv.dtxcid.fp.tsv.enrich	2
Txp-76	107	36	71	404	2416	0.5266348649340206	3.032	0.0	mc5_2.tsv.dtxcid.fp.tsv.enrich	2
Txp-78	13	6	7	434	2480	0.5054108637643017	4.898	0.007	mc5_2.tsv.dtxcid.fp.tsv.enrich	2
Txp-80	31	14	17	426	2470	0.5124913184925247	4.775	0.0	mc5_2.tsv.dtxcid.fp.tsv.enrich	2
Txp-83	89	32	57	408	2430	0.5249040464963264	3.344	0.0	mc5_2.tsv.dtxcid.fp.tsv.enrich	2
Txp-85	83	30	53	410	2434	0.5234355009686734	3.36	0.0	mc5_2.tsv.dtxcid.fp.tsv.enrich	2
Txp-95	23	8	15	432	2472	0.5060752275468802	3.052	0.015	mc5_2.tsv.dtxcid.fp.tsv.enrich	2
Txp-116	28	10	18	430	2469	0.5077448185108017	3.19	0.005	mc5_2.tsv.dtxcid.fp.tsv.enrich	2
Txp-167	21	8	13	432	2474	0.5064773184194173	3.524	0.008	mc5_2.tsv.dtxcid.fp.tsv.enrich	2
Txp-264	23	8	15	432	2472	0.5060752275468802	3.052	0.015	mc5_2.tsv.dtxcid.fp.tsv.enrich	2
Txp-269	5	3	2	437	2485	0.5030070000365537	8.53	0.027	mc5_2.tsv.dtxcid.fp.tsv.enrich	2
Txp-327	2	2	0	438	2487	0.5022727272727273	inf	0.023	mc5_2.tsv.dtxcid.fp.tsv.enrich	2
Txp-330	2	2	0	438	2487	0.5022727272727273	inf	0.023	mc5_2.tsv.dtxcid.fp.tsv.enrich	2
Txp-435	91	36	55	404	2432	0.5298515919143181	3.94	0.0	mc5_2.tsv.dtxcid.fp.tsv.enrich	2
Txp-445	28	10	18	430	2469	0.5077448185108017	3.19	0.005	mc5_2.tsv.dtxcid.fp.tsv.enrich	2
Txp-446	15	6	9	434	2478	0.5050087728917645	3.806	0.017	mc5_2.tsv.dtxcid.fp.tsv.enrich	2
Txp-471	23	8	15	432	2472	0.5060752275468802	3.052	0.015	mc5_2.tsv.dtxcid.fp.tsv.enrich	2
Txp-560	3	3	0	437	2487	0.5034090909090909	inf	0.003	mc5_2.tsv.dtxcid.fp.tsv.enrich	2
Txp-593	17	7	10	433	2477	0.5059440910918594	4.004	0.008	mc5_2.tsv.dtxcid.fp.tsv.enrich	2
Txp-602	35	30	5	410	2482	0.5330856819095661	36.322	0.0	mc5_2.tsv.dtxcid.fp.tsv.enrich	2
Txp-611	16	7	9	433	2478	0.5061451365281281	4.451	0.006	mc5_2.tsv.dtxcid.fp.tsv.enrich	2
Txp-626	2	2	0	438	2487	0.5022727272727273	inf	0.023	mc5_2.tsv.dtxcid.fp.tsv.enrich	2
Txp-648	8	4	4	436	2483	0.5037412728003802	5.695	0.021	mc5_2.tsv.dtxcid.fp.tsv.enrich	2
Txp-691	10	8	2	432	2485	0.5086888182183719	23.009	0.0	mc5_2.tsv.dtxcid.fp.tsv.enrich	2
Txp-123	9	2	7	1	294	0.821705426356589	84.0	0.002	mc5_3.tsv.dtxcid.fp.tsv.enrich	3
Txp-124	9	2	7	1	294	0.821705426356589	84.0	0.002	mc5_3.tsv.dtxcid.fp.tsv.enrich	3
Txp-129	25	2	23	1	278	0.7951273532668881	24.174	0.019	mc5_3.tsv.dtxcid.fp.tsv.enrich	3
Txp-189	18	2	16	1	285	0.8067552602436323	35.625	0.01	mc5_3.tsv.dtxcid.fp.tsv.enrich	3
Txp-199	3	1	2	2	299	0.663344407530454	74.75	0.029	mc5_3.tsv.dtxcid.fp.tsv.enrich	3
